4.164290625342721 1.791495199744816 1
6.825234474737378 1.770540422504852 1
11.98525164748531 1.801800616983953 1
16.678965649769854 1.7759982342047806 1
21.374807215531256 1.5837541991244082 1
26.35676031891124 1.5258446679387208 1
31.27903142648556 1.4814025296739581 1
36.29570224815306 1.445855313665324 1
40.58950401261654 0.07833173423962214 1
42.96914536051185 -1.5896292349821277 1
44.66799910511186 -2.950423011054914 1
46.019519954517676 -4.530103793307714 1
47.660194759419866 -6.809135634561406 1
48.65499078183323 -9.425821521675879 1
48.596451472003764 -13.186567597121982 1
47.59577001157039 -16.0223851623455 1
46.211387377050094 -18.966490729292882 1
45.78531290640062 -21.519727134551037 1
45.86462556331208 -24.58429455267354 1
46.57395695254381 -26.938413054651864 1
48.29461474675408 -29.43102892835115 1
49.7796725594575 -30.847468288609193 1
52.263533219151114 -32.04982245853016 1
55.11618221441601 -31.816779146789283 1
58.75327467114786 -31.174714923684746 1
62.06386897601004 -31.028014062692723 1
65.88473076315067 -31.198275953438568 1
68.57684325205003 -31.671139905769227 1
71.64509030640683 -33.9902778261262 1
73.97137471404287 -36.30235887506226 1
75.3557960217732 -38.542022194958875 1
76.32566305097745 -41.83719747446092 1
75.70391800906965 -45.50805067155494 1
74.11765181620322 -48.60337966262338 1
72.36098209820244 -50.1954440769753 1
70.07451901857904 -51.21413107307828 1
65.91463399176949 -51.89049213069649 1
61.408127432510966 -51.27118926091764 1
56.80627056007061 -50.73316894744893 1
53.850424904681546 -50.42933299339549 1
51.47663971212283 -50.08852218668439 1
47.59129683806413 -49.563828297781534 1
43.26366249839906 -48.87104772485337 1
40.05735572087023 -48.254825850918664 1
35.858963931994445 -47.25623296347947 1
32.02678395879831 -46.357770747482846 1
28.036539162792533 -44.858197858682644 1
24.88402968082434 -42.61059053103511 1
22.84954471521233 -41.19780730568097 1
21.566397127057265 -39.506288767280495 1
20.577112943719893 -36.35761144329566 1
19.945759350362724 -33.41440291591071 1
20.29605766976738 -29.2591521973954 1
21.270571881086212 -26.56301671453442 1
21.267197179208424 -22.926526114575918 1
20.276177792314215 -19.385567636383463 1
18.9180250948745 -17.115195955674555 1
17.63771906651475 -15.128172713678701 1
15.529005687311123 -13.493865399670838 1
13.003893315816809 -13.238700357099917 1
10.431292465711604 -13.64125476623699 1
7.473815183252779 -15.276354448582419 1
5.69240755826684 -18.679866721849592 1
5.201386339725049 -22.87534773256464 1
5.771712039780789 -25.508261649672985 1
7.152557248258851 -28.56925748733302 1
8.949121705396974 -31.601214708884594 1
10.26092718722292 -34.32897710954626 1
10.844217357850988 -35.81421435989114 1
10.943923206045826 -37.798562945919315 1
9.626077378518126 -40.613547381493355 1
7.990339570442999 -42.340786979186674 1
5.035662421684686 -44.64997123070344 1
1.8626908179694546 -44.94228808222455 1
-1.2806431958141395 -43.93253195138664 1
-4.097993066743854 -42.772794449664744 1
-6.612914180469486 -41.098881663435584 1
-9.422681206207026 -38.44182570133359 1
-11.334857140247072 -35.63088970220944 1
-11.83478545959129 -32.916278442138946 1
-12.173556194194267 -28.927927279883367 1
-12.353298880599084 -24.112394505459086 1
-12.503749806449687 -20.37725005881333 1
-12.458464651011083 -16.89009359458654 1
-12.416112581278803 -13.324456075363255 1
-11.88403606279813 -9.268081549312157 1
-10.631354697565596 -5.558893630465268 1
-8.743626557522816 -3.7059345335575897 1
-6.168065314793779 -1.425355868302532 1
-3.304118581865853 0.6588832799871378 1
-0.1347763625414058 1.7533709399136697 1
4.089098162559782 1.784596047462144 1
6.891720897845382 2.0004611633125973 1
3.6759955026823694 -2.4238349002052115 2
6.814008987239477 -3.226768407110055 2
12.255532477683598 -2.1460035530762434 2
16.43585284594617 -2.134630888692165 2
21.76468392615756 -2.2385496312837363 2
26.14757156053664 -2.1783026548567523 2
30.892909257821515 -2.2119659897869965 2
35.86995965238952 -2.1899834445248993 2
39.149062733536134 -3.6511034039115824 2
41.0836801024746 -5.11637170516796 2
42.87393265624372 -7.370037045268761 2
44.03292103353898 -9.764305005631513 2
43.93648082872385 -12.940188471581715 2
43.352893616247705 -14.791695722674943 2
42.159054491933276 -17.475657713071307 2
41.02877870958054 -20.372128741923785 2
40.75078062937089 -22.58594955247198 2
41.77768293367035 -25.005234377284733 2
43.05208512491701 -28.01170651396135 2
44.339343158010365 -30.965647794133805 2
46.37521354569455 -33.79067111113305 2
49.20123285272489 -36.34921490159009 2
52.983810050362635 -36.96707140144814 2
55.90952182009624 -36.26440871207602 2
58.85841852587419 -35.7341983402291 2
61.59083828753683 -35.3148518682547 2
64.65147669486616 -35.394676074404224 2
67.57172067780735 -36.327435776598776 2
69.28595530382005 -38.27326695574716 2
70.09746100672204 -40.32865226074886 2
70.90494191735804 -42.70989303409628 2
64.76904036534474 -47.934238648370574 2
61.19864968488825 -47.46149599967998 2
56.97095467273701 -46.69384576237058 2
53.49834562635618 -46.065044152393185 2
50.243555518158594 -45.533352375770626 2
46.861503518299145 -44.93148446076954 2
44.18698751188725 -44.55188218570337 2
40.42612716084742 -43.93839000771035 2
35.986109412550476 -43.27224379595547 2
32.980134677169296 -42.78480917609746 2
29.650065890690076 -41.47400741405147 2
27.099121405735204 -38.77309535520286 2
25.261266365717777 -36.446620851804724 2
23.952076641125128 -33.24686350762929 2
24.314995861889585 -29.419334386413244 2
25.487407843759282 -26.82311692903597 2
25.74398155761689 -23.33492524198435 2
24.793180038266627 -20.513634383844852 2
23.529335811444415 -16.92992867032629 2
21.767132727016595 -13.521641747456673 2
18.855343998895204 -10.71362165883363 2
15.846985710112396 -9.078923346087885 2
12.373753182119662 -8.708914117018304 2
8.518401683251962 -9.543947637293872 2
5.207723110691762 -11.559733684833573 2
2.5577785032776132 -14.599237369971716 2
1.4387008255571312 -17.42812803632773 2
1.4504481238162272 -21.177560956637265 2
1.6880697022546058 -25.689145275458145 2
2.7914805165301604 -28.668667268839993 2
3.8263632875281575 -30.514774383652 2
5.082588515499994 -33.76082906072568 2
5.449720357351995 -36.69422655023225 2
4.6603908107103695 -38.680719343826944 2
3.1554468561396725 -40.27436063224898 2
-2.2946822469261265 -39.346735296369495 2
-4.801199710002258 -37.319219271133655 2
-6.693454176820795 -34.70356172168413 2
-7.956378824501735 -31.547861171959763 2
-8.420598561692096 -28.893155332695088 2
-8.521704017111622 -26.251957814912206 2
-8.746238376934231 -23.397745698524467 2
-8.839800010574884 -20.807614269972863 2
-8.648985565656432 -17.992290631246576 2
-8.430077584090377 -15.43442185098277 2
-8.369576416810432 -12.795190315075951 2
-7.743254192465533 -10.137740312966685 2
-6.044897227255506 -7.368332104733786 2
-3.5378329530344765 -4.58730332684072 2
-0.6897130471216819 -2.609917112971989 2
3.6398034278414606 -2.397062387629375 2
6.787940911875511 -3.2048376327841606 2
7.524675990403011 -2.27066635379302 2
