5.3869065950417756 1.7940647494990305 1
6.9040758422526816 2.4361540105018462 1
7.9506354542811586 2.5199523181686478 1
12.353784476485821 1.8505100100764618 1
16.452350954735294 1.8915429200680229 1
20.484215422921771 1.9604136764477518 1
24.579427735829849 2.0723827537570769 1
28.800720989707262 2.2298123762857167 1
32.994984296322947 2.3791094068782388 1
37.392769439624182 2.8830634389944132 1
40.737939675811788 0.79198240938301789 1
43.043574730859973 -2.5430502118726062 1
45.906512109604122 -5.6465562979915136 1
49.22379408145769 -7.6855691569036457 1
53.047266641067004 -8.2814596437729477 1
56.499662702473266 -6.9562913348188653 1
59.531076643236354 -5.4232988132763635 1
62.876182505533961 -3.5449833294234798 1
66.956055576853146 -1.9548948413530356 1
70.812427999439549 -2.6398178458085093 1
74.27255180313955 -4.0988047256070175 1
77.032006312208807 -7.1639604179232519 1
77.541294975796191 -10.549720165549685 1
77.476510247521787 -14.250063076714838 1
77.516274531748337 -18.495688866112765 1
77.671464107177542 -22.185393988083472 1
77.694643553244291 -26.057063472870588 1
77.71994714787462 -29.903670218247623 1
77.169678809995105 -33.565942864194511 1
75.503990962498136 -36.68443870754227 1
72.321545727254957 -38.348740086894971 1
69.399624552122702 -38.310864371438235 1
65.925616829923555 -39.981315186504965 1
63.800940413351874 -43.72179088066072 1
62.793656973426657 -47.726665975893916 1
62.080690544434098 -51.364594198771321 1
60.101450262533355 -54.713507489564783 1
56.534529539532521 -56.475106963399099 1
52.579416300416256 -56.958869707785418 1
49.469996133548534 -57.35485710143076 1
45.052745844131962 -57.938122940314024 1
41.122651693348253 -58.173220060612998 1
37.823601816444942 -58.23903446278775 1
34.560494213951849 -57.035684406032431 1
31.73416173522109 -55.145115194120642 1
28.67991855743108 -52.898738675055448 1
27.286227623426321 -49.25361145348905 1
27.6464953874789 -45.754343757597198 1
28.563988639628647 -41.715352746758313 1
29.295876136140414 -39.029809451430289 1
29.477179648680085 -35.660788484420507 1
29.792602136812192 -31.92396127840869 1
30.086503600474764 -28.715092929714061 1
29.845993980059259 -24.973576173181684 1
29.524302908630055 -21.895455770971953 1
29.418217440314649 -19.243688708759215 1
28.557058865286599 -16.022287206050613 1
26.890630843220819 -13.788629505251466 1
24.487203203661707 -12.47253467974385 1
21.090905450676207 -12.205861150168534 1
17.971466519396142 -13.048304773059279 1
15.554438258793191 -14.911592547234761 1
13.739529527545521 -19.292295578647483 1
13.593220062001866 -22.361154045629593 1
13.516410062542629 -26.540481862270731 1
13.515909519168872 -29.771718546978146 1
13.780218558700238 -34.360157531328952 1
13.92773033465933 -38.452663499179444 1
14.043524622271189 -42.250209654801168 1
14.217795250203064 -46.756857543457926 1
13.278149189344784 -50.326917405020978 1
10.798750884056108 -54.01175176899585 1
7.630521618869115 -57.225760349031553 1
4.8490140307033922 -59.327530786526395 1
0.92665496611833265 -60.408820616577188 1
-4.2060713741816276 -60.967234211829251 1
-8.3820671877454451 -60.034634828235184 1
-11.560967565648252 -58.06947529655902 1
-13.839951873691112 -55.352387143759813 1
-15.96701738301404 -51.980226998159345 1
-17.2629040420019 -48.452748583792022 1
-17.903455608851182 -44.707025560187354 1
-16.956816430971603 -40.849685404652178 1
-15.296645122285836 -37.27332684104487 1
-13.152488438322163 -34.265191041009196 1
-10.782623541793171 -31.774905655245156 1
-9.0756015703672652 -29.710923147778232 1
-7.9520132040913145 -27.050885602168073 1
-7.5480413997610469 -24.082026195151112 1
-7.5076186205980493 -20.462998867536829 1
-7.5060988611973567 -16.295064152238005 1
-7.7319084316532081 -13.221130925294812 1
-7.309528476053444 -9.3940594366374004 1
-6.749229771497177 -6.0507119017142177 1
-5.6430525379581464 -4.3566903676040436 1
-3.9081026623625874 -2.0708389399034233 1
-2.3881463770152127 0.21397968247781951 1
0.48962935671560426 1.6390310394441738 1
3.2273352118313197 1.7176640441699358 1
5.4358340619569594 1.8063273438972192 1
3.2034071857604554 -2.2671191535181427 2
5.4567449824236904 -2.2534969216246155 2
6.848933547939926 -2.3571230717650558 2
7.9386937875983552 -2.3509979294203434 2
11.742404669128204 -1.8905472137411796 2
15.202764450586313 -1.8456477050906057 2
18.357460874110302 -1.7776153643930528 2
22.58194491617466 -1.6890317263058316 2
29.058803887948663 -1.584747207765226 2
32.563734810702208 -1.4253819643334769 2
36.151783733622388 -2.217692435827904 2
39.002673299629585 -4.177664995799705 2
40.624241477881121 -7.4777929702269255 2
42.616377106076825 -9.4588368351750685 2
44.530290196114954 -11.443526271183096 2
46.554855583544061 -12.516731565871449 2
46.554855583544047 -12.516731565871446 2
49.652697936302317 -12.981926994263802 2
53.480382495320768 -12.546244430447214 2
57.306190276868676 -10.923276430780655 2
61.242798752328376 -8.8618849140964748 2
64.856443271682366 -6.7609318952110735 2
68.197659205776603 -6.5917374420540078 2
70.813829334235947 -7.5326292324741297 2
72.8579032573044 -9.558310598109955 2
73.734132500248251 -12.832582056117035 2
73.791879496835264 -15.60674381005979 2
73.874964206156676 -19.037522991177038 2
73.961751321742639 -22.138687319692561 2
73.97695716650918 -25.711996368822476 2
73.649120896480284 -30.386353904681716 2
71.346096187786401 -33.248566907030536 2
68.242918831068309 -34.295572207405208 2
65.092608723752406 -35.462900778655388 2
62.208850978214194 -37.118304334295615 2
60.808685778596676 -40.39225670404479 2
59.666997816834972 -43.313776742144583 2
58.639967479885179 -46.032089883945282 2
57.964825534781141 -48.744988339977155 2
56.755084349074586 -50.925613211226462 2
54.080878861824466 -52.08273478461274 2
51.511301030393838 -52.46466915395726 2
47.600348866908959 -53.130994437524691 2
43.894478254589593 -53.553674917851964 2
40.965552024917436 -54.071176112102393 2
37.723502099988401 -53.931230289049246 2
34.492732913844065 -52.017835954488326 2
32.844070035261176 -49.678769247155529 2
32.090409959828776 -45.616651197624819 2
32.807939807178052 -42.151078145175774 2
33.543967768392648 -38.946156779390954 2
33.692180493704321 -35.599375023295664 2
33.556746328355985 -31.890901465399107 2
33.435972551734558 -28.569397639846695 2
33.427213729916737 -24.930337345095158 2
33.158280192399012 -21.877330826314438 2
32.7062007129664 -19.094039580560523 2
30.886751085261803 -14.979469610550147 2
29.103260405818698 -11.382366532999779 2
25.98383730302946 -9.4070972259006318 2
21.417137161534008 -8.5829955819502608 2
20.899309677424089 -9.3816233065982217 2
16.88589747713479 -9.5789944345294611 2
13.347522868107708 -12.322682270322726 2
11.053799560833712 -15.462909964996848 2
10.394891931359336 -19.621749314254089 2
9.8941318990217226 -22.9190583271977 2
9.6083996759434562 -25.901427197431616 2
9.1633803133402836 -29.395343139871851 2
8.8941401260412647 -34.13982881146196 2
8.9669237353841762 -38.646887691965603 2
9.1545734849392435 -42.435265273155181 2
8.9168659859072505 -46.788526688082435 2
7.6885802619742449 -49.754667571898814 2
5.9863610381185026 -52.721408800693837 2
3.5152896886469698 -55.053446298845856 2
0.45633948329910212 -56.725546502092207 2
-3.026373691943411 -57.19569281471847 2
-6.4607806028485051 -56.205078279174387 2
-8.9155687892610622 -54.096950635068509 2
-10.789604635161748 -51.903753693473853 2
-12.45261737710862 -49.34446093654897 2
-13.627328114697214 -45.95366481269842 2
-13.406117974972227 -43.038194256533338 2
-11.956192841210173 -39.918043634536303 2
-9.67134855373655 -37.39100191762217 2
-6.8831870426801842 -34.288598332353807 2
-4.6769058412782636 -31.443214806510799 2
-3.2997309689264283 -28.379212420540227 2
-3.054007511102852 -23.789341224204563 2
-3.8992404410984838 -20.483802985513403 2
-4.0391499907162869 -16.007357078577424 2
-3.7363444491887838 -12.113979784863114 2
-2.7572240733518543 -9.3399236265336167 2
-1.8390505150866949 -7.0981181799387683 2
-0.15317376674328997 -4.9859403817467687 2
1.2721750313024935 -2.9683700432176039 2
3.4783164054741058 -2.4333690274839497 2
5.5146680844730085 -2.27325440232122 2
